[##...#] (1,3,4,5) (2,3,5) (0,2,3) (0,2,3,4,5) (1,2,4) (0,1,2,3) {24,27,40,30,25,17}
[#....] (0,2) (0,1,4) (0) (0,4) (0,3,4) (0,1,2,3) {53,16,16,24,27}
[#####.###] (4,6) (0,5,6,8) (0,1,3,5,6,8) (0,1,2,3,4,5,7,8) (2,3) (1,2,3,4,6,7) (0,2,5,6,8) (2,3,4,5) (0,1,2,3,5,6,8) {168,164,176,171,51,173,194,30,168}
[..##] (1,3) (0,2,3) (0,1) (2,3) {30,15,29,34}
[....#.#.] (0,1,5) (2,4,6) (2,3) (2,3,7) (0,1,4,5,6,7) (0,2,3,4,5,6) {25,14,42,28,32,25,32,13}
[.###] (0,1,2,3) (1,2,3) {0,9,9,9}
[####....#] (2) (3,4,5) (0,1,2,3,8) (0,1,3,4,6,7,8) (1,2,6) (0,4,5,6,7,8) (6,7) (0,5,6,7) (0,1,2,3,6,7) (0,2,4,5,6,7) {31,36,158,26,28,25,52,32,18}
[...####.#.] (0,1,4,5,8) (4,6,7) (1,3,4,5,6,8,9) (0,5,9) (1,2,4,5,9) (0,2,3,4,5,6,7,8) (0,5,6,9) (1,3,8,9) (1,3,5,7,8,9) (4,5,7) (1,3,5,6,7,8,9) (1,2,4,5,6,7,8) (3,5,6,7) {145,40,16,28,49,200,23,46,32,152}
[....#.....] (6,7) (7,9) (0,5,8) (0,1,2,3,7,9) (0,1,2,5,6,7,8) (0,3,5,6,8) (1,5,6,8) (3) (6,8,9) (2) (0,2,3,4,5,6,9) (2,3,8) (0,1,4,7) {44,20,17,44,10,53,46,21,51,22}
[...#..#] (0,1,2,4,6) (1,3,4,5,6) (2,4) (1,2,5) (2,6) (0,1,4,5) (0,4) (1,2,3) (0,3,4) {36,50,44,38,53,28,30}
[..##.....] (4,5,7,8) (2,3) (2,3,4,5,6,7) (3,4) (2,3,7) (1,4,6) (0,1,2,3,5,6,7) (5,6) (0) (0,1,3,7,8) (1,2,3,4,5,7,8) {30,49,61,85,56,49,46,79,33}
[.###.##..] (0,6) (2,3,5,8) (0,1,2,4,7,8) (2,7) (1,3) (0,2,4,6,8) (3,5,8) (0,1,2,3,6,7,8) {53,45,54,46,24,13,41,41,50}
[#..#.##] (1,2,3,5,6) (3,5,6) (2,4,6) (0,1,2,3,4) (0,1,3,5,6) (2,3,5) (0,2,5) (0,1,5,6) {42,29,49,34,26,35,22}
[.#.###...] (0,1,2,3,4,8) (4,8) (0,4,8) (2,3,4,5,6,8) (3,6,7) (3,7,8) (0,2,4,5,6,7) (0,1,2,3,6,7) {40,26,37,60,56,11,31,47,65}
[.#.#.] (1,2,4) (1,3) (0) (1) (1,2,3) {18,44,26,10,18}
[#.#...] (0,2,3,5) (0,2,3,4) (1,5) (2,3,4) (0,2) (0,1,3) (0,1,3,4,5) {82,29,66,74,46,35}
[.##..#.#] (0,3) (1,3,5,7) (0,1,2,3,6,7) (1,2,3,4,6) (2,3,5,6,7) (0,1,2,4,5,7) {38,50,49,76,19,22,48,42}
[.###] (1,2) (2,3) (1,2,3) (0,1) (0,3) (1,3) {22,19,163,186}
[......#.] (0,2,3,6,7) (4,7) (1,2,3,5,6,7) (0,1,3,7) (0,1,2,4,5,6) (1,3,4,6) (3,4,5,6,7) (0,1,2,4,5) {40,57,34,36,29,34,27,36}
[##..#] (0,1,3) (0,2) (1,2,4) {119,122,21,110,12}
[..#.#...] (0,7) (0,4,5,6,7) (2,3,4,5,6,7) (0,1,2,6) (3) (0,4,6) (0,2) (0,1,2,3,4,5) (0,1) (2,4) {65,38,56,27,44,15,44,25}
[###.#..] (3,4,5) (0,3,4,5) (1,2,4,5,6) (2,4,5,6) (2,3,4,5) (0,2,3,5,6) (0,1,3) (0,1,3,4,5) (1,4,6) {32,27,33,53,43,53,26}
[##..##] (1,2,4,5) (0,1,3,5) (0,1,4,5) (1,2,5) {13,116,103,11,2,116}
[##.###..] (1,6,7) (2,4,5,6) (2,4,7) (0,1,4,5,6,7) (0,1,2,6,7) (2,3,5) (1,2,3) (1,2,3,4,5,6) (0,1,2,5,6) (0,1,5) {22,58,147,21,153,154,163,42}
[....###] (3,4) (0,1,2) (1,4,5,6) (2,4) (0,1) (0,2,5,6) (0,1,2,3,5,6) (2,5,6) {24,36,153,9,156,35,35}
[..##..#.] (0,2,7) (0,1,4,5,7) (1,2,3,5,6,7) (0,2,3,4,5,6,7) (4,5) (0,3,5,7) (0,1,6) {33,26,29,41,26,61,31,46}
[.##...] (2,4) (4,5) (2,3,4,5) (0,2,3,4) (1,4) (0,3) (0,2,4,5) (0,3,4,5) {38,5,41,39,73,60}
[..#.#..] (0,1) (0,2) (0,6) (2,3,4) (4,5) (0,1,2,5) (2,4,5) (4,5,6) {23,11,30,4,22,29,4}
[..#.##..] (2,3,4,5,6,7) (0,1,3,6,7) (1,4) (0,1,5,6,7) (0,2,4,5,6,7) (0,1,3,5,6,7) (0,2,4,5) {69,49,136,127,145,174,166,166}
[..##] (1) (0,2) (2,3) (0,3) {20,19,24,32}
[....#...] (0,1,6) (1,2,4,6) (0,1,3,5,7) (0,4,5) (0,1,5,6,7) (2,3,4,6) (0,2,3,4,5,6,7) (2,3,5,7) (2,6) (0,1,2,5,6,7) {49,49,58,40,21,57,58,57}
[.#.####] (0,3) (1,2) (0,1,4,5,6) (0,4) (0,1,2,3,5) {53,38,30,27,26,18,8}
[.###...] (0,3,4) (0,1,4,5,6) (0,2,4,6) (1,3,4,5,6) (5) (0,1,3,6) {38,28,3,23,34,39,31}
[....##.#] (1,2,3,5,6) (2,7) (0,1,4,7) (2,3,6) (1,2,4,5,7) (1,3) (2,4,6,7) (0,1,4,6,7) (0,1,3,4,5,7) {35,72,51,51,45,35,35,65}
[.#..#.#..] (4,5,6) (5,6) (2,3,4,8) (1,2,3,4,5,7,8) (3,4) (0,1,2,3,5) (3,7) (1) (1,4,6) {15,50,39,190,177,47,22,22,24}
[###.#..###] (0,1,3,4,7,8) (8,9) (1,3,5) (0,1,2,3,5) (0,2,5,9) (0,5,6,9) (0,2,3,6,7,8) (0,3,4,6,7,9) (1,4) {59,42,23,47,35,38,28,33,35,40}
[.###.....#] (2,3,7) (0,1,3,4,5,6,7,9) (2,5,6) (0,1,4,6,8) (4,7,9) (1,8) (1,2,3,5,7,8,9) (0,5,7,9) (0,1,3,4,5,7,8) (5) (2,3,5,8,9) (4,9) (0,4,5,6,7,8,9) {29,26,41,30,30,73,35,45,53,47}
[...###] (0,1,5) (0,1,2,3,4) (3,5) (0,1,2,5) (2,5) (0,3,5) {45,30,43,138,20,146}
[##.#..] (2,3,5) (0,1,2,4,5) (0,1,2,3,4) (2,4) {121,121,146,16,134,129}
[...##.#] (1,2,6) (0,2,5,6) (0,2,4,6) (1,2,4,5) (3,4,6) (1,2,3,4,6) (0,4) (2,4,5) {39,29,66,153,190,26,193}
[##.....] (1,2,4,5) (0,2,6) (3,5) (1,2,3,4,5,6) (0,1,5) (1,2,4,5,6) {14,43,41,34,35,61,24}
[#..#..#.#.] (2,3,7,8) (0,1) (0,1,2,4,5,9) (0,2,4,5,8,9) (0,1,2,5,6) (0,1,3,4,5,6,7,9) (1,3,6,7,8) (0,1,3,4,6,7,8) (0,2,3) (0,3,4,5,6,7,8,9) (2,3) (0,1,3,4,5,6,8,9) (4,5) {82,74,49,55,74,76,53,45,44,48}
[..#.#] (0,1,3) (2,3) (0,1,2) (2,4) (0,4) {30,21,46,30,28}
[#..#] (2) (2,3) (1,2) (0,1,2) (0) {27,16,43,7}
[....#] (1,2) (0,3,4) (2,4) (1,2,3) (0) {18,18,28,19,25}
[.##...#..#] (0,2,4,5,8) (0,2,3,7,9) (0,1,4,6,9) (0,1,2,6,9) (0,3,4,5,6,7,8,9) (0,4,6) (1,2,4,5,6,7,8,9) (2,8) (4,5,6,7) (0,2,3,4,6,7,8,9) (0,4,6,8,9) (0,1,2,4,5,6,7,9) (1,3,6,9) {66,46,51,33,71,36,73,26,47,59}
[.##.#] (0,2,3) (2,4) (1,2,4) {14,5,25,14,11}
[....##] (1,2) (3,4,5) (0,2,4,5) (0,2,5) (4) (0,4) (0,2,3,5) (4,5) {27,17,43,12,21,36}
[......##.#] (5,6) (0,2,3,4,7,8,9) (1,2,4,6) (0,2,3,5,7) (0,1,8,9) (0,4,5,6,7,8,9) (1,2,3,4,5,6,7) (0,1,2,3,6,7,8,9) (0,2,3,4,5,6,7,8) {63,41,76,62,43,48,64,65,46,29}
[#....] (3) (0) (2,4) (0,1,4) (2,3) (0,1,2,4) {164,37,30,18,44}
[##.#] (1,2) (0,2) (2,3) (0,3) (0,1,2) {24,4,29,37}
[.#.#.#.#.] (2,6) (0,1,2,3,4,5,6) (4,6,8) (0,1,2,8) (0,2,3,4,5,6,7,8) (0,1,3,6,7,8) (0,4,7) {41,34,22,15,17,0,28,22,44}
[..#.#] (0,1,4) (0,1,2) (0,3,4) {35,25,19,10,16}
[#..#.] (4) (0,1,2) (0,1) (2,3,4) (1,3,4) (0,1,2,4) (3,4) {35,36,21,24,49}
[.##..] (1,2,3) (0,1,4) (1,2) (1,3) {2,36,18,22,2}
[..###.] (1,2) (0,2) (1,4,5) (5) (2,3,4,5) (0,2,3) (1,4) (0,2,5) {45,32,48,19,35,59}
[#...###] (0,1,3,4,6) (2,3,5,6) (0,1,3,6) (1,2,3,5,6) (1,5) (0,2,3,4) (4,5) {26,29,17,38,8,21,33}
[..#####] (0,1,2,3,5) (1,3,5) (2,3,4,5,6) (2,3,5,6) (0,2,5,6) (1,2,3,4,5) (1,3,4,6) {14,31,32,49,17,36,37}
[#.#.#..###] (0,2,4,5,6,7) (0,1,2,6,7,8,9) (2,9) (7) (3,5) (2,8) (2,4,6,7,8) (0,2,4,5,8,9) (1,4,6) (2,5,6,7,9) (0,2,4,5,7,8,9) {41,19,78,4,49,46,59,59,41,38}
[.#..##..#.] (2,3) (2) (0,1) (4,7,8) (0,7,9) (0,1,6,7) (7,9) (0,1,3,4,5,6,8,9) (1,5,7) {39,41,20,24,26,35,20,50,26,49}
[####.] (3) (0,4) (0,1) (2,3) {127,15,14,19,112}
[..#...#.] (3,4,7) (1,3,7) (0,6,7) (2,3,4,5,6,7) (3,5) (0,2,5,6,7) (0,1,2,7) (1,5) (0,1,2,3,7) (0,3,4,7) {42,64,41,62,18,32,16,76}
[#.#####.] (0,2,3,4,5,6) (0,5,6,7) (1,2,3,4,5,6,7) (0,1,5,6) (0,1,2,3,7) (0,2,3,5,6,7) {71,39,53,53,21,59,59,43}
[.###.#.] (1,6) (0,2) (1,3) (1,3,4,5,6) (2,4) (3,4,5) (2,5) (0,1,3,4,6) (0,2,4,5,6) {42,44,66,48,66,58,46}
[..##.#] (0,1,2,5) (1,4) (0,1,2,3,4) (1,2,4,5) (0,2,4) (1,2,5) (0,3) {216,52,235,18,204,42}
[....#..] (5,6) (4,6) (1,2,4,5) (1,3,5) (0,1,6) (1,2,5) {11,170,146,13,12,175,36}
[.#..####.#] (0,1,2,3,4,6,7,9) (0,1,3,4,5) (0,3,6,7) (1,4,5,6,7,9) (4,5,6) (2,9) (0,1,3,5,6,7,9) (0,2,8) {56,47,42,40,46,55,55,40,16,54}
[####..] (3,4,5) (0,1,2,3,4) (0,2,4,5) (0,1,4) (1,2,4,5) {33,31,32,121,145,121}
[##.#] (0,1,3) (2,3) (1,2) (0,2,3) {198,215,31,208}
[##..] (0,1) (0,1,2) (0,2,3) {220,201,38,19}
[#.#...##.] (0,3,4,6) (0,1,2,3,4,8) (1,2,3,4,5,7,8) (3,4,5,7) (0,2,3) (2,3) (0,1,3,4,5,8) (0,1,2,3,4,7,8) {38,46,49,77,55,40,2,21,46}
[.##.##..] (0,1,2,4,5,6) (0,1,2,3,4,5,7) (0,2,4,5,6,7) (1,3,4,5,7) (1,2,4,5,6) (0,1,4,5,7) (1,2,4,5,7) (1,2,3,4,5,6,7) {51,242,240,196,260,260,212,228}
[..#....##.] (0,1,2,3,4,9) (2,6,9) (6,7) (4,7) (0,1,3,7) (0,5,7) (0,1,2,3,5,6,8,9) (2,4,5,8,9) (1,3,6,9) (0,1,5,8,9) (0,2,3,5,6,8,9) {80,70,56,71,17,64,69,39,64,85}
[##..#####] (0,2,3,4,5,7,8) (0,4) (1,2,5,6,8) (0,2,3,5,6,8) (0,1,2,3,4,5,7) (1,3,4,5,7,8) (0,1,3,4,5,6,7) (2,4,6,8) (1,2,3,4,5,6,7,8) (1,3,4,5,6,7) (1,7) {54,82,71,92,93,100,50,88,71}
[.####.] (0,1,3,5) (0,3,5) (2,3,4) (0,3,4,5) (0,2,3,4,5) {43,5,17,57,36,43}
[###.##.] (0,1,2,5,6) (0,1,2,4,5) (0,3,4,5) (4) (0,1,2,3) {42,30,30,16,24,38,15}
[.#######] (0,3,7) (0,3,4,5,6) (0,1,2,6) (1,2,3,5,6,7) (0) (0,1,2,4,5,6) (1,3,4,5) (0,2,3,5) (4,7) {75,42,53,50,41,58,44,26}
[#.#..#] (1,3,5) (2,4,5) (1,2,3,4) (0,2,4) (0,1,2,3) (0,1,4) (0,1) (0,2,5) {30,25,16,5,19,7}
[#.#...] (0,3) (1,3,5) (0,2,3,4) (0,2,3,4,5) (2,3,4) (1,3,4,5) (2,3) (1,3) {35,47,38,101,45,38}
[..##.] (2,3) (1,2,4) (0,3,4) (0,4) (0,1,3) (0,1,2,4) (0,1,2,3) {57,54,53,38,52}
[#.#..] (0,1) (1,3) (0,3) (0,3,4) (1,2) {36,44,15,37,8}
[#...#.##.] (0,1,2,3,5,7,8) (4,5,6,7) (0,1,5,6,7,8) (0,3,5,6,7,8) (0,2,3,5,7) (0,2,4,6,7,8) (0,1,3,4,7,8) (0,1,2,3,6) (0,1,6) (0,1,3,4,5,6,8) (0,2,3,4,6,7,8) {294,255,50,80,58,243,262,271,267}
[#..####.##] (3,4,5,6,7,9) (0,1,3,4,5,6,7,9) (0,1,2,4,5,7,8,9) (0,1,2,3,4,5,8,9) (0,1,3,7,8,9) (9) (2,3,4,5,8) (1,2,3,5,6,7,8) (1,3,4) (0,3,7,8) (0,1,3,6,7,8,9) (1,2) {81,84,57,116,82,86,50,87,84,80}
[##....##.] (0,2,3,4,5,7,8) (1,2,4,5,6,7,8) (0,1,3,4,5,6,7) (0,7,8) (1,3,4,5,7) (0,4,5,8) (3,4,5,6,7,8) {199,29,12,29,49,49,21,205,196}
[###.###.] (0,1,3,4,6,7) (4,5) (2,3) (1,4,5,6,7) (0,2,3,5,7) (0,2,4,7) (0,1,2,3,6,7) {58,36,51,42,51,44,36,71}
[#.#.#.] (2,3,4,5) (2,3,5) (0,2,3) (0,4,5) (1,2,3,5) (1,2,4,5) {16,28,236,220,209,228}
[##.######.] (3,4) (2,6,8) (1,3,4,7) (0,6,7,8,9) (2,6) (0,1,2,3,5,9) (0,1,2,3,5,6) (0,1,2,3,4,5,8,9) (0,1,2,3,4,5,7,8) {74,71,82,87,57,57,56,47,55,44}
[#..#..#] (3,6) (0,1,2,3,5) (0,1,4,5,6) (1,2,3) (0,2,3,4,5) (1,2,4,5) (0,2,3,6) (4,5,6) (0,1,3,5) {72,84,78,91,57,89,61}
[..#..] (0,1,3) (0,1,2,4) (2,4) (0,1,2,3) {206,206,197,192,23}
[###.###] (1,2) (3,5,6) (3,6) (0,2) (2,4,5) (1,2,3,4,5,6) (0,6) {25,21,36,134,17,139,153}
[.#.#] (1) (0,1,2) (0,3) (0,2) (3) (0,1) {24,20,5,26}
[#.##] (0,1,3) (2) (1,2) {15,27,16,15}
[#.#.##.#.] (0,1,3) (1,2,8) (0,2,3,4,6,8) (1,4,6) (2,3,5,7) (1,7) (3,4) (0,2,3,5,7,8) (0,1,4,5,7,8) (4,8) {43,77,31,46,54,31,19,51,45}
[..#....#.#] (0,1,2,3,5,7,9) (0,3,4,7) (0,2,4,8) (0,2,3,5,9) (0,4,9) (0,1,2,5,6,7,9) (2,5,7,8,9) (1,3,4,5,8) (5,8) (0,1,2,3,6,7,8,9) {38,15,39,20,28,22,10,27,34,24}
[#...###..#] (1,2,3,8) (1,2,4,7,8) (1,3,5,9) (0,3,6,7,8,9) (3,6) (0,1,3,4,5,6,8) (4,7) (5,8) {29,30,9,58,21,24,47,12,41,12}
[..#.#..#] (1,2,3,5,6,7) (2,3,4) (1,3,4,6,7) (1,4,6) (1,6) (1,3,4,5) (0,1,2,4,5,6,7) (0,1,3,6,7) {15,189,40,80,167,41,171,51}
[#.#......#] (0,2,9) (1,3,5,6,7,8) (0,1) (3,4,6,7,9) (1,3,5,7) (0,1,2,3,4,7,8) (0,2) (1,2,7) (4,6) (0,1,2,3,4,8,9) {208,209,214,191,170,21,3,48,169,172}
[#....] (0,2,3,4) (0) (1,3) (2,3,4) (1,2) (2,4) {24,29,66,39,48}
[##.#] (0) (0,1,2) (3) (0,3) (1) {29,130,0,19}
[...#.#.##] (3,4) (2,5,6,8) (1,4) (0,2,3,4,6,7,8) (1,2,3,4,5,6,7) (2,3,5,7,8) (1,2,3,4,5,7) (2,3,7) (0,2,6,7) {18,13,56,48,29,23,33,50,22}
[###.#.##] (1,2,3,4,5,6,7) (3,5,7) (1,2,3,4,7) (0,3,4,5,6,7) (1,2,3) (0,1,2,3,7) (1,6,7) {14,28,27,37,14,11,8,27}
[..##] (1,2) (0) (0,1) (0,2) (0,2,3) (0,1,2) {34,12,27,14}
[##.##..##.] (1,8,9) (1,2,5) (0,8,9) (2,4,6,7,8) (1,2,6) (0,3,4,5,8) (0,2,3,4,5,6,7,9) (1,2,4,6,7,8,9) (0,2,3,4,5,6,7,8) (0,7) (1,2,3,4,5,6,7,8,9) (0,1,2,3,4,5,7,9) {67,79,100,65,95,79,73,93,103,83}
[.#...#] (2,3,4) (1,3,4,5) (1,2) (0,1,3,5) (0,1,2,3,5) {16,33,26,50,34,32}
[.#...#..] (6,7) (2,4,7) (0,7) (2,5) (1,2,3,4,6,7) (0,1,4) (0,2) (3,4,5,7) (1,7) {109,15,24,10,14,9,16,133}
[.....##.#.] (0,1,4,8,9) (0,1,2,3,4,7,8,9) (2,6,7,9) (0,1,2,3,6,7,8) (3,4,5,7,9) (0,1,2,9) (2,3,5,6,8,9) (1,2,3,8) (1,7,9) (0,1,2,4,5,8,9) (0,2,3,5,8,9) {46,71,52,35,34,27,5,29,54,70}
[#.##] (1,3) (0,2,3) {5,4,5,9}
[.#..] (0,3) (2,3) (1,2) (0,1,3) {141,25,29,160}
[..##.] (2,3,4) (0,1,2,3) (0,1,3,4) (0,1,3) (2,3) {37,37,39,63,28}
[###.#] (1,2) (0,3,4) (0,1,2,4) {20,20,20,1,20}
[#...#] (3,4) (0,4) (0,1,2,4) (4) (2,3) (0,1,4) (0) {131,130,127,18,143}
[.##.#.#] (1,4,5,6) (1,2,3,4) (0,2,3,6) (4,5) (0,6) (1,6) (0,1,3,4) {25,33,25,31,24,11,39}
[..#.#####.] (2,3,9) (0,1,4,7) (1,6) (0,2,3,6,7) (0,3,5,7) (0,2,3,4,5,7,8,9) (3,4,5,6,7,8) (0,1,2,3,5,6,7,8) (0,1,2,4,5,6,7,9) {55,54,51,59,40,43,68,69,33,24}
[#...##..##] (0,1,2,7,9) (5,7) (0,2,4,5,6,8) (3,4,6,7,8,9) (1,7,9) (2,5,6,7,8) (2) (1,2,3,4,5,7,8,9) {25,27,49,14,33,46,39,60,43,37}
[.#.###.#.#] (0,2,3,5,6,7,8,9) (1,3) (0,1,2,4,5,7) (3,5) (0,8) (1,3,5,9) (0,1,3,5,6,7,9) (0,2,4,5,6,8,9) (0,1,3,4,7,9) (1,3,4,5,7,9) (0,1) (1,5,6) {250,79,206,234,54,248,195,214,193,227}
[###.] (0,1,3) (0,1,2) {21,21,17,4}
[#...] (0,1,3) (1,3) (2,3) {16,31,19,50}
[....#] (0,1,2) (2,3,4) (2,3) (0,1,2,4) {10,10,15,5,9}
[.#.#....] (2,3,4,5,7) (0,1,3,5,6,7) (2,7) (0,2,3,4,5) (1,2,3,6,7) (0,1,2,3,4,6,7) (3,4) (1,2) (3,4,5) {24,58,183,60,28,28,41,179}
[###..##.##] (0,7,8,9) (6,9) (2,4,5,6,7,8) (0,2,3,4,5,6,7,8,9) (0,1,2,3,4,5,6,7) (0,2,4,5,8) (4,5,9) (0,1,2,4,6,8,9) (0,3,4,6,7,8,9) (0,1,2,5,6,8,9) {89,44,77,30,96,71,81,58,83,78}
[#.#.##.#] (0,1,2,3,4,5) (1,3) (1,2,3,6) (0,1,3,5,6,7) (0,4,6) (0,2) (3,5,7) (0,2,4,5,7) {50,34,34,54,23,53,20,40}
[####.#] (3,4,5) (0,5) (1,2,4,5) (0,1,2,3,5) (0,4) {35,191,191,18,210,211}
[#..#..#.] (0,2,5) (1,2,3,5,6) (4) (0,1,2,5,6,7) (1,2,3,4,5,7) (0,3,6) {27,39,48,39,13,48,37,20}
[####.#...] (0,1,3,4,5,6,7,8) (0,1,4,6,8) (0,1,2,3,4,5,7) (0,3,4,5,6,7) (0,1,2,7) (0,2,3,6,8) (1,3,4,5,6,7) {56,50,41,37,38,34,22,53,11}
[.##.] (1,2) (0,3) (2) {15,17,34,15}
[###...#] (0,2,5) (0,1,2,6) (1,2,3) (0,3,4,5,6) (1,2,3,4,5) (0,2,3,4,6) (4,6) (3,6) {29,27,52,62,33,12,51}
[###....#.] (0,2,6) (0,1,2,3,6,8) (4,5,6,8) (0,5,8) (1,2,3,4,5,6,7,8) (5,6,8) (0,1,2,4,5,6,8) (0,1,2,3,8) (0,1,2,3,4,5,7) (0,4,5,6,7,8) {49,22,22,10,37,59,47,21,63}
[##.#..#.#] (1,3,6) (0,5,7) (2,4,5,7) (0,1,3,5,6,7,8) (1,2,3,7,8) (0,2,5,6,7,8) (1,2,3,4,6,7) {148,167,64,167,33,162,158,201,159}
[..#.] (0,3) (0,1) (1,2,3) (0,1,3) (2,3) (2) {26,31,30,32}
[..#.] (0,1,2) (0,3) (2) (3) (0,1) {30,21,32,20}
[.#.#...] (0,2,3,4) (2,4) (3,6) (0,2,3,4,5,6) (1,2,4,6) {19,13,48,38,48,0,32}
[###..##.#] (0,1,4,5,7,8) (1,2,3,4,6,7) (0,3,4,5,7,8) (0,4,6,8) (0,2,6,8) (1,3,4) (0,1,2,3,4,5,7) (0,2,3,4,5,6,8) (0,1,3,4,5,7) (0,2,3,6,8) {289,68,252,78,102,66,256,71,259}
[..###.#..#] (1,2,8,9) (1,2,3,4,5,6,9) (0,1,2,3,4,6,8) (0,1,5,6,7,8,9) (0,1,2,3,4,5,7,8) (1,3,4,5,6,7) (0,1,2,3,4,8) (0,9) (0,1,2,3,4,6) (0,1,7) (2,8) {80,104,71,61,61,47,49,61,80,30}
[...#.#..#] (4,8) (0,1,2,5) (2,3,4,6,7,8) (1,2,3,6,7,8) (0,1,3,4,5,7) (3,5,8) (0,1,2,3,4,6,7) (2,3,4,6) (0,2,3,5,7) {27,39,40,58,51,28,34,37,33}
[...##.##.#] (1,2,4,5,6,8) (2,5,6,9) (4,6,7) (0,1,3,7,8,9) (0,1,2,4,5,6,7,9) (2,3,4,5,7) (1,2,3,4,5,6,8,9) (0,2,3,6,7,8) {36,27,41,19,35,30,52,49,18,34}
[...###.] (0,1,2,3) (0,1,4,5,6) (2,3,4) (0,1,3,5) (0,1,4) {49,49,170,188,173,18,0}
[.#.#.] (0,2,4) (0,1,4) (1,3) (2,3) (0,3,4) (0,2) {43,10,27,30,35}
[#...###] (1,2) (1,2,5) (0,1,2,4,5) (0,3,4,5) (2,3,4) (3,4) (0,4,5,6) {29,48,60,31,50,48,4}
[#.###.....] (0,1,2,3,5,6,9) (3,4) (3,7,8) (4,7,9) (0,1,4,6,7,8,9) (2,3,4,5) (0,2,3,4) (1,3,6,8,9) (1,3,4,7,8) (1,2,5,6) {26,55,28,70,34,27,41,42,48,47}
[.#..##...#] (1,3,4,6,8) (3,6,7,8) (0,1,9) (0,3,8) (5,6) (0,1,2,4,5,6,7,9) (1,2,3,7,9) (2) {25,37,37,19,24,18,32,24,15,28}
[.###..] (0,1,2,4,5) (0,1,3,5) (1,4) (0,2,3,5) (0,1,2,3,4) (2,3) {59,39,50,55,23,47}
[#.#####] (1,2,4,6) (1,2,3,4,6) (0,4,6) (0,2,3,4,5) (0,2,3,4,5,6) (4,5) {34,212,233,221,250,25,233}
[######] (0,4) (0,2,3,5) (0,3) (0,1) (0,1,2,3) (0,3,4,5) (1,4) {201,178,163,171,24,13}
[.#..#.] (1,4) (2,4) (0,2) (0,2,3,4) (1,2,3) (1,3) (1,2,3,5) {18,50,40,38,22,11}
[##.....#.] (1,5,8) (6,7) (0,1,2,3,5,7,8) (0,1,2,4,5,7,8) (0,1,2,3,4,6,8) (0,1,2,3,5) (0,2,4) (0,4,6) (0,2,5,7) {70,59,61,31,36,62,43,57,54}
[###.#] (1,2,3) (2) (0,1,3) (1,4) (2,3,4) (1,3) (0,4) {7,34,29,25,36}
[..#.#...#] (0,1,3,4,5,7,8) (3,5,7,8) (0,2,3,4,5,6,8) (1,2,3,4,6,7,8) (3) (3,6) (0,1,4,5,7,8) (0,1,2,3,4) (1,2,4,6) (0,4,6,8) (1,2,4,5,6,8) {24,35,21,39,37,29,30,22,30}
[..##.] (1,2,4) (0,3) (2) (0) (0,2,3) (3) (0,1,4) {215,20,45,40,20}
[##....] (0,1,2,3,5) (0,1,2,3,4) (0,4,5) (0,1,4,5) {44,28,21,21,24,43}
[#.##] (0,1,3) (0,2,3) {23,4,19,23}
[#.###.##.] (1,3,6,7) (0,3,5,6,7) (1,3) (1,6) (0,1,2,4,7,8) (0,1,3,4,6,7) (0,2,3,4,5,6) (1,2,3,4,5) {33,231,23,237,35,30,38,44,7}
[..#.#.] (0,1,2,3) (0,2,4,5) (0,1,3,4) (0,1,2,3,5) {158,155,154,155,7,10}
[###.##..##] (0,3,9) (1,2,4,5,6,8,9) (0,1,2,3,4,5,7,8,9) (0,3,8,9) (1,7,9) (1,4) (0,1,4,8) (0,2,3,4,5,6,9) (1,8) (0,1,2,3,5,7,8) (0,1,2,3,5,7,8,9) {95,100,85,94,58,85,36,67,84,111}
[.##.#.] (4,5) (4) (1,3,4) (3,5) (0,1,5) (2,4) (0,2) (1,2,3,4,5) {23,29,17,126,41,128}
[.###] (1,2,3) (0,2,3) {3,2,5,5}
[.##..#...#] (4,8,9) (1,7,8) (0,1,3,4,9) (1,3,5,6) (1,2,3,4,8) (0,1,2,4,5,6,7,8) (1,4,5) (2,3,6,9) (0,2,4,6,9) (0,1,2,9) (0,9) (0,1,4,7) {24,56,35,42,52,16,22,13,35,38}
[#..##] (1,2,4) (0,3,4) (0,2,4) (1,2) (2,4) {33,4,37,13,48}
